JUnit version 4.13
.First twenty cosine numbers:
Cos(0.0) = 1.0
Cos(1.0) = 0.5403023058681398
Cos(2.0) = -0.4161468365471424
Cos(3.0) = -0.9899924966004454
Cos(4.0) = -0.6536436208636119
Cos(5.0) = 0.28366218546322625
Cos(6.0) = 0.9601702866503661
Cos(7.0) = 0.7539022543433046
Cos(8.0) = -0.14550003380861354
Cos(9.0) = -0.9111302618846769
Cos(10.0) = -0.8390715290764524
Cos(11.0) = 0.004425697988050785
Cos(12.0) = 0.8438539587324921
Cos(13.0) = 0.9074467814501962
Cos(14.0) = 0.1367372182078336
Cos(15.0) = -0.7596879128588213
Cos(16.0) = -0.9576594803233847
Cos(17.0) = -0.27516333805159693
Cos(18.0) = 0.6603167082440802
Cos(19.0) = 0.9887046181866692

First twenty Hamming numbers:
[1, 2, 3, 4, 5, 6, 8, 9, 10, 12, 15, 16, 18, 20, 24, 25, 27, 30, 32, 36]
.
Time: 0.377

OK (2 tests)

