JUnit version 4.13
.First twenty cosine numbers:
cos(0) = 1.0
cos(1) = 0.5403023058681398
cos(2) = -0.4161468365471424
cos(3) = -0.9899924966004454
cos(4) = -0.6536436208636119
cos(5) = 0.28366218546322625
cos(6) = 0.9601702866503661
cos(7) = 0.7539022543433046
cos(8) = -0.14550003380861354
cos(9) = -0.9111302618846769
cos(10) = -0.8390715290764524
cos(11) = 0.004425697988050785
cos(12) = 0.8438539587324921
cos(13) = 0.9074467814501962
cos(14) = 0.1367372182078336
cos(15) = -0.7596879128588213
cos(16) = -0.9576594803233847
cos(17) = -0.27516333805159693
cos(18) = 0.6603167082440802
cos(19) = 0.9887046181866692

First twenty Hamming numbers:
1 2 3 4 5 6 8 9 10 12 15 16 18 20 24 25 27 30 32 36 
.
Time: 0.847

OK (2 tests)

